format: serial/approx/parallel time/fitness
10 x 5
0.125483 	 329.000000	0.000042 	 324.000000	0.019159 	 326.000000	
0.124285 	 725.000000	0.000050 	 717.000000	0.018372 	 725.000000	
0.124185 	 921.000000	0.000066 	 908.000000	0.017663 	 921.000000	
0.124814 	 1520.000000	0.000078 	 1501.000000	0.018669 	 1514.000000	
0.123802 	 2006.000000	0.000092 	 1988.000000	0.018073 	 2008.000000	
0.124346 	 2099.000000	0.000098 	 2084.000000	0.018413 	 2102.000000	
0.124737   2101.000000  0.000101   2077.000000  2.449266   2096.000000
0.124560 	 3000.000000	0.000112 	 2972.000000	0.018042 	 2999.000000	
10 x 10
0.250443 	 332.000000	0.000041 	 324.000000	0.032685 	 328.000000	
0.249590 	 729.000000	0.000050 	 717.000000	0.032832 	 722.000000	
0.249290 	 922.000000	0.000077 	 908.000000	0.033112 	 916.000000	
0.248532 	 1516.000000	0.000077 	 1501.000000	0.032978 	 1513.000000	
0.248305 	 2012.000000	0.000089 	 1988.000000	0.033048 	 2007.000000	
0.248728   2106.000000  0.000095   2084.000000  2.351032   2003.000000
0.247806 	 2099.000000	0.000100 	 2077.000000	0.035050 	 2094.000000	
0.246868 	 2994.000000	0.000109 	 2972.000000	0.033792 	 2996.000000	
10 x 20
0.499686 	 331.000000	0.000043 	 324.000000	0.062314 	 330.000000	
0.500120 	 727.000000	0.000053 	 717.000000	0.062622 	 726.000000	
0.499099 	 919.000000	0.000067 	 908.000000	0.062699 	 921.000000	
0.497186 	 1518.000000	0.000074 	 1501.000000	0.062451 	 1515.000000	
0.496736 	 2008.000000	0.000098 	 1988.000000	0.062449 	 2008.000000	
0.500891 	 2102.000000	0.000093 	 2084.000000	0.062688 	 2102.000000	
0.496549 	 2100.000000	0.000098 	 2077.000000	0.062349 	 2097.000000	
0.497631 	 2998.000000	0.000118 	 2972.000000	0.063308 	 2996.000000	
