format: serial/approx/parallel time/fitness
10 x 5
7.740269 	 0.999999	0.021689 	 1.000000	0.919980 	 0.999999	
7.675690 	 0.999991	0.036573 	 1.000000	0.923394 	 0.999996	
7.613259 	 0.999989	0.045566 	 1.000000	0.913092 	 0.999989	
7.629076 	 0.999980	0.050506 	 1.000000	0.916902 	 0.999980	
7.638582 	 0.999971	0.054735 	 0.999999	0.925024 	 0.999979	
7.836499 	 0.999965	0.059335 	 0.999999	0.911913 	 0.999947	
7.594459 	 0.999942	0.062427 	 0.999999	0.910474 	 0.999937	
10 x 10
15.274578 	 1.000000	0.021718 	 1.000000	1.788719 	 1.000000	
15.339304 	 0.999998	0.036693 	 1.000000	1.751090 	 0.999998	
15.322847 	 0.999993	0.045633 	 1.000000	1.763711 	 0.999993	
15.219593 	 0.999985	0.050559 	 1.000000	1.747572 	 0.999984	
15.332325 	 0.999983	0.054738 	 0.999999	1.779201 	 0.999979	
15.817351 	 0.999973	0.059355 	 0.999999	1.764534 	 0.999968	
15.017517 	 0.999965	0.062281 	 0.999999	1.756263 	 0.999952	
10 x 20
30.354317 	 0.999999	0.021810 	 0.999999	3.443001 	 0.999999	
31.914580 	 0.999997	0.036741 	 0.999999	3.415991 	 0.999997	
30.583143 	 0.999994	0.045497 	 0.999999	3.445448 	 0.999992	
30.239433 	 0.999990	0.050518 	 0.999999	3.440509 	 0.999981	
30.429456 	 0.999978	0.054765 	 0.999998	3.413876 	 0.999972	
Denominator = 1000000000
Fitness = 999961413
30.782669 	 0.999975	0.059321 	 0.999999	3.405833 	 0.999961	
Denominator = 1000000000
Fitness = 999970410
30.681679 	 0.999964	0.062440 	 0.999999	3.436509 	 0.999970	
