format: serial/appro4/parallel time/fitness
10 x 5
13.064440 	 0.836926	0.021711 	 0.586847	1.504313 	 0.832114	
13.035559 	 0.836341	0.077382 	 0.870805	1.505193 	 0.816561	
12.839271 	 0.837888	0.150380 	 0.997548	1.496095 	 0.834023	
10 x 10
25.658417 	 0.858140	0.021695 	 0.586847	2.896553 	 0.847664	
26.177586 	 0.850857	0.077427 	 0.870805	2.889451 	 0.827447	
26.247337 	 0.866103	0.150369 	 0.997548	2.883093 	 0.842502	
10 x 40
102.900702 	 0.884092	0.021873 	 0.586847	12.142140 	 0.868484	
103.093744 	 0.888523	0.077448 	 0.870805	13.212484 	 0.865117	
102.909255 	 0.884107	0.150264 	 0.997548	12.300333 	 0.868104	
